#           k/h    P           
   0.100000E-03   0.417274E+03
   0.102020E-03   0.425411E+03
   0.104081E-03   0.433706E+03
   0.106184E-03   0.442162E+03
   0.108329E-03   0.450783E+03
   0.110517E-03   0.459572E+03
   0.112750E-03   0.468533E+03
   0.115027E-03   0.477668E+03
   0.117351E-03   0.486980E+03
   0.119722E-03   0.496474E+03
   0.122140E-03   0.506153E+03
   0.124608E-03   0.516020E+03
   0.127125E-03   0.526080E+03
   0.129693E-03   0.536335E+03
   0.132313E-03   0.546789E+03
   0.134986E-03   0.557447E+03
   0.137713E-03   0.568313E+03
   0.140495E-03   0.579389E+03
   0.143333E-03   0.590682E+03
   0.146228E-03   0.602193E+03
   0.149182E-03   0.613929E+03
   0.152196E-03   0.625893E+03
   0.155271E-03   0.638089E+03
   0.158407E-03   0.650523E+03
   0.161607E-03   0.663198E+03
   0.164872E-03   0.676120E+03
   0.168203E-03   0.689293E+03
   0.171601E-03   0.702721E+03
   0.175067E-03   0.716411E+03
   0.178604E-03   0.730366E+03
   0.182212E-03   0.744592E+03
   0.185893E-03   0.759095E+03
   0.189648E-03   0.773879E+03
   0.193479E-03   0.788950E+03
   0.197388E-03   0.804313E+03
   0.201375E-03   0.819975E+03
   0.205443E-03   0.835940E+03
   0.209594E-03   0.852215E+03
   0.213828E-03   0.868805E+03
   0.218147E-03   0.885716E+03
   0.222554E-03   0.902956E+03
   0.227050E-03   0.920529E+03
   0.231637E-03   0.938442E+03
   0.236316E-03   0.956703E+03
   0.241090E-03   0.975316E+03
   0.245960E-03   0.994290E+03
   0.250929E-03   0.101363E+04
   0.255998E-03   0.103335E+04
   0.261170E-03   0.105344E+04
   0.266446E-03   0.107393E+04
   0.271828E-03   0.109480E+04
   0.277319E-03   0.111609E+04
   0.282922E-03   0.113778E+04
   0.288637E-03   0.115989E+04
   0.294468E-03   0.118243E+04
   0.300417E-03   0.120540E+04
   0.306485E-03   0.122882E+04
   0.312677E-03   0.125268E+04
   0.318993E-03   0.127701E+04
   0.325437E-03   0.130180E+04
   0.332012E-03   0.132707E+04
   0.338719E-03   0.135283E+04
   0.345561E-03   0.137908E+04
   0.352542E-03   0.140583E+04
   0.359664E-03   0.143310E+04
   0.366930E-03   0.146089E+04
   0.374342E-03   0.148921E+04
   0.381904E-03   0.151807E+04
   0.389619E-03   0.154749E+04
   0.397490E-03   0.157746E+04
   0.405520E-03   0.160802E+04
   0.413712E-03   0.163915E+04
   0.422070E-03   0.167088E+04
   0.430596E-03   0.170321E+04
   0.439295E-03   0.173615E+04
   0.448169E-03   0.176973E+04
   0.457222E-03   0.180394E+04
   0.466459E-03   0.183880E+04
   0.475882E-03   0.187433E+04
   0.485496E-03   0.191052E+04
   0.495303E-03   0.194740E+04
   0.505309E-03   0.198498E+04
   0.515517E-03   0.202327E+04
   0.525931E-03   0.206228E+04
   0.536556E-03   0.210203E+04
   0.547395E-03   0.214252E+04
   0.558453E-03   0.218378E+04
   0.569734E-03   0.222581E+04
   0.581244E-03   0.226863E+04
   0.592986E-03   0.231225E+04
   0.604965E-03   0.235668E+04
   0.617186E-03   0.240195E+04
   0.629654E-03   0.244806E+04
   0.642374E-03   0.249503E+04
   0.655350E-03   0.254287E+04
   0.668589E-03   0.259161E+04
   0.682096E-03   0.264124E+04
   0.695875E-03   0.269179E+04
   0.709933E-03   0.274328E+04
   0.724274E-03   0.279572E+04
   0.738906E-03   0.284912E+04
   0.753832E-03   0.290350E+04
   0.769061E-03   0.295888E+04
   0.784597E-03   0.301528E+04
   0.800447E-03   0.307270E+04
   0.816617E-03   0.313117E+04
   0.833114E-03   0.319070E+04
   0.849944E-03   0.325132E+04
   0.867114E-03   0.331303E+04
   0.884631E-03   0.337586E+04
   0.902501E-03   0.343982E+04
   0.920733E-03   0.350493E+04
   0.939333E-03   0.357121E+04
   0.958309E-03   0.363867E+04
   0.977668E-03   0.370734E+04
   0.997418E-03   0.377723E+04
   0.101757E-02   0.384836E+04
   0.103812E-02   0.392074E+04
   0.105910E-02   0.399440E+04
   0.108049E-02   0.406936E+04
   0.110232E-02   0.414563E+04
   0.112459E-02   0.422323E+04
   0.114730E-02   0.430219E+04
   0.117048E-02   0.438251E+04
   0.119413E-02   0.446422E+04
   0.121825E-02   0.454734E+04
   0.124286E-02   0.463188E+04
   0.126797E-02   0.471786E+04
   0.129358E-02   0.480531E+04
   0.131971E-02   0.489424E+04
   0.134637E-02   0.498467E+04
   0.137357E-02   0.507662E+04
   0.140132E-02   0.517010E+04
   0.142963E-02   0.526513E+04
   0.145851E-02   0.536174E+04
   0.148797E-02   0.545994E+04
   0.151803E-02   0.555975E+04
   0.154870E-02   0.566119E+04
   0.157998E-02   0.576426E+04
   0.161190E-02   0.586900E+04
   0.164446E-02   0.597541E+04
   0.167768E-02   0.608352E+04
   0.171158E-02   0.619334E+04
   0.174615E-02   0.630488E+04
   0.178143E-02   0.641817E+04
   0.181741E-02   0.653321E+04
   0.185413E-02   0.665002E+04
   0.189158E-02   0.676861E+04
   0.192980E-02   0.688901E+04
   0.196878E-02   0.701121E+04
   0.200855E-02   0.713524E+04
   0.204913E-02   0.726111E+04
   0.209052E-02   0.738883E+04
   0.213276E-02   0.751840E+04
   0.217584E-02   0.764984E+04
   0.221979E-02   0.778316E+04
   0.226464E-02   0.791837E+04
   0.231039E-02   0.805547E+04
   0.235706E-02   0.819447E+04
   0.240467E-02   0.833539E+04
   0.245325E-02   0.847821E+04
   0.250281E-02   0.862295E+04
   0.255337E-02   0.876962E+04
   0.260495E-02   0.891820E+04
   0.265758E-02   0.906871E+04
   0.271126E-02   0.922115E+04
   0.276603E-02   0.937550E+04
   0.282191E-02   0.953178E+04
   0.287892E-02   0.968998E+04
   0.293708E-02   0.985008E+04
   0.299641E-02   0.100121E+05
   0.305694E-02   0.101760E+05
   0.311870E-02   0.103418E+05
   0.318170E-02   0.105095E+05
   0.324597E-02   0.106790E+05
   0.331155E-02   0.108504E+05
   0.337844E-02   0.110236E+05
   0.344669E-02   0.111987E+05
   0.351632E-02   0.113755E+05
   0.358735E-02   0.115541E+05
   0.365982E-02   0.117345E+05
   0.373376E-02   0.119166E+05
   0.380918E-02   0.121004E+05
   0.388613E-02   0.122859E+05
   0.396464E-02   0.124730E+05
   0.404473E-02   0.126617E+05
   0.412644E-02   0.128520E+05
   0.420980E-02   0.130438E+05
   0.429484E-02   0.132371E+05
   0.438160E-02   0.134318E+05
   0.447012E-02   0.136279E+05
   0.456042E-02   0.138254E+05
   0.465255E-02   0.140241E+05
   0.474653E-02   0.142241E+05
   0.484242E-02   0.144253E+05
   0.494024E-02   0.146276E+05
   0.504004E-02   0.148310E+05
   0.514186E-02   0.150353E+05
   0.524573E-02   0.152405E+05
   0.535170E-02   0.154466E+05
   0.545981E-02   0.156534E+05
   0.557011E-02   0.158609E+05
   0.568263E-02   0.160690E+05
   0.579743E-02   0.162777E+05
   0.591455E-02   0.164867E+05
   0.603403E-02   0.166961E+05
   0.615592E-02   0.169058E+05
   0.628028E-02   0.171156E+05
   0.640715E-02   0.173253E+05
   0.653658E-02   0.175350E+05
   0.666863E-02   0.177443E+05
   0.680335E-02   0.179532E+05
   0.694078E-02   0.181616E+05
   0.708100E-02   0.183694E+05
   0.722404E-02   0.185763E+05
   0.736998E-02   0.187823E+05
   0.751886E-02   0.189872E+05
   0.767075E-02   0.191909E+05
   0.782571E-02   0.193933E+05
   0.798380E-02   0.195941E+05
   0.814509E-02   0.197933E+05
   0.830963E-02   0.199907E+05
   0.847750E-02   0.201862E+05
   0.864875E-02   0.203794E+05
   0.882347E-02   0.205703E+05
   0.900171E-02   0.207586E+05
   0.918356E-02   0.209442E+05
   0.936908E-02   0.211268E+05
   0.955835E-02   0.213063E+05
   0.975144E-02   0.214825E+05
   0.994843E-02   0.216550E+05
   0.101494E-01   0.218238E+05
   0.103544E-01   0.219885E+05
   0.105636E-01   0.221490E+05
   0.107770E-01   0.223050E+05
   0.109947E-01   0.224563E+05
   0.112168E-01   0.226026E+05
   0.114434E-01   0.227437E+05
   0.116746E-01   0.228795E+05
   0.119104E-01   0.230095E+05
   0.121510E-01   0.231336E+05
   0.123965E-01   0.232515E+05
   0.126469E-01   0.233630E+05
   0.129024E-01   0.234678E+05
   0.131631E-01   0.235656E+05
   0.134290E-01   0.236562E+05
   0.137003E-01   0.237393E+05
   0.139770E-01   0.238146E+05
   0.142594E-01   0.238819E+05
   0.145474E-01   0.239410E+05
   0.148413E-01   0.239915E+05
   0.151411E-01   0.240332E+05
   0.154470E-01   0.240659E+05
   0.157590E-01   0.240894E+05
   0.160774E-01   0.241033E+05
   0.164022E-01   0.241075E+05
   0.167335E-01   0.241017E+05
   0.170716E-01   0.240858E+05
   0.174164E-01   0.240595E+05
   0.177683E-01   0.240226E+05
   0.181272E-01   0.239750E+05
   0.184934E-01   0.239165E+05
   0.188670E-01   0.238469E+05
   0.192481E-01   0.237663E+05
   0.196370E-01   0.236743E+05
   0.200337E-01   0.235710E+05
   0.204384E-01   0.234563E+05
   0.208513E-01   0.233302E+05
   0.212725E-01   0.231927E+05
   0.217022E-01   0.230437E+05
   0.221406E-01   0.228834E+05
   0.225879E-01   0.227119E+05
   0.230442E-01   0.225292E+05
   0.235097E-01   0.223356E+05
   0.239847E-01   0.221311E+05
   0.244692E-01   0.219161E+05
   0.249635E-01   0.216909E+05
   0.254678E-01   0.214557E+05
   0.259823E-01   0.212109E+05
   0.265072E-01   0.209570E+05
   0.270426E-01   0.206942E+05
   0.275889E-01   0.204232E+05
   0.281463E-01   0.201446E+05
   0.287149E-01   0.198587E+05
   0.292949E-01   0.195663E+05
   0.298867E-01   0.192679E+05
   0.304905E-01   0.189644E+05
   0.311064E-01   0.186564E+05
   0.317348E-01   0.183447E+05
   0.323759E-01   0.180301E+05
   0.330299E-01   0.177132E+05
   0.336972E-01   0.173951E+05
   0.343779E-01   0.170765E+05
   0.350724E-01   0.167583E+05
   0.357809E-01   0.164412E+05
   0.365038E-01   0.161260E+05
   0.372412E-01   0.158139E+05
   0.379935E-01   0.155058E+05
   0.387610E-01   0.152024E+05
   0.395440E-01   0.149047E+05
   0.403429E-01   0.146132E+05
   0.411579E-01   0.143285E+05
   0.419893E-01   0.140508E+05
   0.428375E-01   0.137807E+05
   0.437029E-01   0.135183E+05
   0.445858E-01   0.132644E+05
   0.454865E-01   0.130197E+05
   0.464053E-01   0.127852E+05
   0.473428E-01   0.125616E+05
   0.482992E-01   0.123495E+05
   0.492749E-01   0.121486E+05
   0.502703E-01   0.119578E+05
   0.512858E-01   0.117763E+05
   0.523219E-01   0.116032E+05
   0.533789E-01   0.114376E+05
   0.544572E-01   0.112788E+05
   0.555573E-01   0.111260E+05
   0.566796E-01   0.109785E+05
   0.578246E-01   0.108354E+05
   0.589927E-01   0.106958E+05
   0.601845E-01   0.105586E+05
   0.614003E-01   0.104229E+05
   0.626407E-01   0.102875E+05
   0.639061E-01   0.101509E+05
   0.651971E-01   0.100117E+05
   0.665142E-01   0.986862E+04
   0.678578E-01   0.971972E+04
   0.692287E-01   0.956333E+04
   0.706272E-01   0.939793E+04
   0.720539E-01   0.922260E+04
   0.735095E-01   0.903668E+04
   0.749945E-01   0.883977E+04
   0.765095E-01   0.863225E+04
   0.780551E-01   0.841482E+04
   0.796319E-01   0.818844E+04
   0.812406E-01   0.795492E+04
   0.828817E-01   0.771613E+04
   0.845561E-01   0.747414E+04
   0.862642E-01   0.723125E+04
   0.880068E-01   0.698962E+04
   0.897847E-01   0.675152E+04
   0.915985E-01   0.651907E+04
   0.934489E-01   0.629440E+04
   0.953367E-01   0.607971E+04
   0.972626E-01   0.587693E+04
   0.992274E-01   0.568776E+04
   0.101232E+00   0.551374E+04
   0.103277E+00   0.535612E+04
   0.105363E+00   0.521519E+04
   0.107492E+00   0.509081E+04
   0.109663E+00   0.498231E+04
   0.111879E+00   0.488770E+04
   0.114139E+00   0.480485E+04
   0.116445E+00   0.473090E+04
   0.118797E+00   0.466256E+04
   0.121197E+00   0.459660E+04
   0.123645E+00   0.452964E+04
   0.126143E+00   0.445858E+04
   0.128691E+00   0.438085E+04
   0.131291E+00   0.429429E+04
   0.133943E+00   0.419782E+04
   0.136649E+00   0.409096E+04
   0.139409E+00   0.397441E+04
   0.142226E+00   0.384952E+04
   0.145099E+00   0.371850E+04
   0.148030E+00   0.358398E+04
   0.151020E+00   0.344920E+04
   0.154071E+00   0.331758E+04
   0.157184E+00   0.319286E+04
   0.160359E+00   0.307835E+04
   0.163598E+00   0.297676E+04
   0.166903E+00   0.288880E+04
   0.170275E+00   0.281397E+04
   0.173715E+00   0.275078E+04
   0.177224E+00   0.269682E+04
   0.180804E+00   0.264894E+04
   0.184457E+00   0.260408E+04
   0.188183E+00   0.255901E+04
   0.191985E+00   0.251040E+04
   0.195863E+00   0.245537E+04
   0.199820E+00   0.239273E+04
   0.203856E+00   0.232292E+04
   0.207974E+00   0.224761E+04
   0.212176E+00   0.216957E+04
   0.216462E+00   0.209198E+04
   0.220835E+00   0.201794E+04
   0.225296E+00   0.195013E+04
   0.229847E+00   0.189029E+04
   0.234490E+00   0.183889E+04
   0.239227E+00   0.179508E+04
   0.244060E+00   0.175699E+04
   0.248990E+00   0.172203E+04
   0.254020E+00   0.168729E+04
   0.259152E+00   0.165011E+04
   0.264387E+00   0.160910E+04
   0.269728E+00   0.156470E+04
   0.275177E+00   0.151763E+04
   0.280736E+00   0.147033E+04
   0.286407E+00   0.142485E+04
   0.292193E+00   0.138284E+04
   0.298096E+00   0.134565E+04
   0.304118E+00   0.131329E+04
   0.310261E+00   0.128423E+04
   0.316529E+00   0.125667E+04
   0.322923E+00   0.122920E+04
   0.329447E+00   0.120038E+04
   0.336102E+00   0.117004E+04
   0.342892E+00   0.113898E+04
   0.349819E+00   0.110839E+04
   0.356885E+00   0.107953E+04
   0.364095E+00   0.105315E+04
   0.371450E+00   0.102903E+04
   0.378954E+00   0.100678E+04
   0.386609E+00   0.985271E+03
   0.394419E+00   0.963580E+03
   0.402387E+00   0.941550E+03
   0.410516E+00   0.919400E+03
   0.418809E+00   0.897889E+03
   0.427269E+00   0.877447E+03
   0.435901E+00   0.858419E+03
   0.444706E+00   0.840460E+03
   0.453690E+00   0.823135E+03
   0.462855E+00   0.806060E+03
   0.472206E+00   0.788961E+03
   0.481745E+00   0.772208E+03
   0.491477E+00   0.756091E+03
   0.501405E+00   0.740671E+03
   0.511534E+00   0.725920E+03
   0.521868E+00   0.711677E+03
   0.532411E+00   0.697690E+03
   0.543166E+00   0.683952E+03
   0.554139E+00   0.670513E+03
   0.565333E+00   0.657572E+03
   0.576753E+00   0.645065E+03
   0.588404E+00   0.632947E+03
   0.600291E+00   0.621065E+03
   0.612418E+00   0.609440E+03
   0.624789E+00   0.598103E+03
   0.637411E+00   0.587080E+03
   0.650288E+00   0.576350E+03
   0.663424E+00   0.565874E+03
   0.676826E+00   0.555630E+03
   0.690499E+00   0.545608E+03
   0.704448E+00   0.535797E+03
   0.718679E+00   0.526187E+03
   0.733197E+00   0.516768E+03
   0.748009E+00   0.507531E+03
   0.763119E+00   0.498469E+03
   0.778536E+00   0.489572E+03
   0.794263E+00   0.480832E+03
   0.810308E+00   0.472243E+03
   0.826677E+00   0.463798E+03
   0.843378E+00   0.455488E+03
   0.860415E+00   0.447308E+03
   0.877797E+00   0.439251E+03
   0.895529E+00   0.431309E+03
   0.913620E+00   0.423477E+03
   0.932076E+00   0.415750E+03
   0.950906E+00   0.408122E+03
   0.970115E+00   0.400588E+03
   0.989713E+00   0.393143E+03
   0.100971E+01   0.385784E+03
   0.103010E+01   0.378506E+03
   0.105091E+01   0.371305E+03
   0.107214E+01   0.364180E+03
   0.109380E+01   0.357129E+03
   0.111590E+01   0.350149E+03
   0.113844E+01   0.343240E+03
   0.116144E+01   0.336399E+03
   0.118490E+01   0.329626E+03
   0.120884E+01   0.322920E+03
   0.123326E+01   0.316278E+03
   0.125817E+01   0.309701E+03
   0.128359E+01   0.303188E+03
   0.130952E+01   0.296738E+03
   0.133597E+01   0.290352E+03
   0.136296E+01   0.284031E+03
   0.139049E+01   0.277775E+03
   0.141858E+01   0.271586E+03
   0.144724E+01   0.265463E+03
   0.147648E+01   0.259409E+03
   0.150630E+01   0.253424E+03
   0.153673E+01   0.247509E+03
   0.156778E+01   0.241664E+03
   0.159945E+01   0.235891E+03
   0.163176E+01   0.230190E+03
   0.166472E+01   0.224562E+03
   0.169835E+01   0.219009E+03
   0.173266E+01   0.213533E+03
   0.176766E+01   0.208135E+03
   0.180337E+01   0.202817E+03
   0.183980E+01   0.197579E+03
   0.187697E+01   0.192422E+03
   0.191489E+01   0.187348E+03
   0.195357E+01   0.182358E+03
   0.199304E+01   0.177452E+03
   0.203330E+01   0.172630E+03
   0.207437E+01   0.167894E+03
   0.211628E+01   0.163244E+03
   0.215903E+01   0.158680E+03
   0.220265E+01   0.154204E+03
   0.224714E+01   0.149816E+03
   0.229254E+01   0.145515E+03
   0.233885E+01   0.141302E+03
   0.238610E+01   0.137177E+03
   0.243430E+01   0.133139E+03
   0.248348E+01   0.129190E+03
   0.253365E+01   0.125327E+03
   0.258483E+01   0.121552E+03
   0.263705E+01   0.117863E+03
   0.269032E+01   0.114259E+03
   0.274466E+01   0.110741E+03
   0.280011E+01   0.107308E+03
   0.285668E+01   0.103958E+03
   0.291439E+01   0.100691E+03
   0.297326E+01   0.975062E+02
   0.303332E+01   0.944023E+02
   0.309460E+01   0.913785E+02
   0.315712E+01   0.884337E+02
   0.322090E+01   0.855668E+02
   0.328596E+01   0.827766E+02
   0.335234E+01   0.800619E+02
   0.342006E+01   0.774216E+02
   0.348916E+01   0.748543E+02
   0.355964E+01   0.723587E+02
   0.363155E+01   0.699337E+02
   0.370491E+01   0.675778E+02
   0.377976E+01   0.652898E+02
   0.385611E+01   0.630684E+02
   0.393401E+01   0.609121E+02
   0.401348E+01   0.588197E+02
   0.409456E+01   0.567898E+02
   0.417727E+01   0.548211E+02
   0.426166E+01   0.529123E+02
   0.434775E+01   0.510620E+02
   0.443558E+01   0.492690E+02
   0.452519E+01   0.475319E+02
   0.461660E+01   0.458494E+02
   0.470987E+01   0.442202E+02
   0.480501E+01   0.426430E+02
   0.490208E+01   0.411165E+02
   0.500111E+01   0.396394E+02
   0.510214E+01   0.382103E+02
   0.520521E+01   0.368279E+02
   0.531036E+01   0.354907E+02
   0.541763E+01   0.341974E+02
   0.552708E+01   0.329466E+02
   0.563873E+01   0.317370E+02
   0.575264E+01   0.305674E+02
   0.586885E+01   0.294367E+02
   0.598741E+01   0.283435E+02
   0.610836E+01   0.272868E+02
   0.623176E+01   0.262655E+02
   0.635765E+01   0.252785E+02
   0.648609E+01   0.243252E+02
   0.661711E+01   0.234049E+02
   0.675079E+01   0.225168E+02
   0.688716E+01   0.216603E+02
   0.702629E+01   0.208345E+02
   0.716823E+01   0.200388E+02
   0.731304E+01   0.192724E+02
   0.746077E+01   0.185345E+02
   0.761149E+01   0.178242E+02
   0.776525E+01   0.171409E+02
