#          k/h    CDM            baryon         photon         nu             mass_nu        total          no_nu          total_de       Weyl           v_CDM          v_b            v_b-v_c     
   0.104976E-04   0.197876E+08   0.197876E+08   0.263697E+08   0.263694E+08   0.197898E+08   0.197876E+08   0.197876E+08   0.197943E+08  -0.473123E+00   0.104471E+08   0.104471E+08   0.517228E+01
   0.115913E-04   0.197876E+08   0.197876E+08   0.263666E+08   0.263663E+08   0.197898E+08   0.197876E+08   0.197876E+08   0.197943E+08  -0.473123E+00   0.104471E+08   0.104471E+08   0.571098E+01
   0.127990E-04   0.197876E+08   0.197876E+08   0.263629E+08   0.263625E+08   0.197898E+08   0.197876E+08   0.197876E+08   0.197943E+08  -0.473123E+00   0.104471E+08   0.104471E+08   0.630575E+01
   0.141325E-04   0.197876E+08   0.197876E+08   0.263584E+08   0.263579E+08   0.197897E+08   0.197876E+08   0.197876E+08   0.197943E+08  -0.473123E+00   0.104471E+08   0.104471E+08   0.696239E+01
   0.156050E-04   0.197876E+08   0.197876E+08   0.263529E+08   0.263522E+08   0.197897E+08   0.197876E+08   0.197876E+08   0.197942E+08  -0.473123E+00   0.104471E+08   0.104471E+08   0.768733E+01
   0.172309E-04   0.197876E+08   0.197876E+08   0.263462E+08   0.263454E+08   0.197897E+08   0.197876E+08   0.197876E+08   0.197942E+08  -0.473124E+00   0.104471E+08   0.104471E+08   0.848764E+01
   0.190261E-04   0.197876E+08   0.197876E+08   0.263380E+08   0.263370E+08   0.197897E+08   0.197876E+08   0.197876E+08   0.197942E+08  -0.473124E+00   0.104471E+08   0.104471E+08   0.937111E+01
   0.210085E-04   0.197875E+08   0.197875E+08   0.263281E+08   0.263269E+08   0.197896E+08   0.197875E+08   0.197875E+08   0.197942E+08  -0.473124E+00   0.104471E+08   0.104471E+08   0.103463E+02
   0.231973E-04   0.197875E+08   0.197875E+08   0.263159E+08   0.263145E+08   0.197896E+08   0.197875E+08   0.197875E+08   0.197942E+08  -0.473124E+00   0.104471E+08   0.104471E+08   0.114228E+02
   0.256142E-04   0.197875E+08   0.197875E+08   0.263011E+08   0.262993E+08   0.197895E+08   0.197875E+08   0.197875E+08   0.197941E+08  -0.473124E+00   0.104471E+08   0.104471E+08   0.126108E+02
   0.282830E-04   0.197875E+08   0.197875E+08   0.262831E+08   0.262809E+08   0.197894E+08   0.197875E+08   0.197875E+08   0.197941E+08  -0.473124E+00   0.104471E+08   0.104471E+08   0.139220E+02
   0.312297E-04   0.197874E+08   0.197874E+08   0.262611E+08   0.262585E+08   0.197893E+08   0.197874E+08   0.197874E+08   0.197940E+08  -0.473123E+00   0.104470E+08   0.104470E+08   0.153688E+02
   0.344835E-04   0.197874E+08   0.197874E+08   0.262343E+08   0.262311E+08   0.197892E+08   0.197874E+08   0.197874E+08   0.197940E+08  -0.473123E+00   0.104470E+08   0.104470E+08   0.169650E+02
   0.380763E-04   0.197873E+08   0.197873E+08   0.262017E+08   0.261978E+08   0.197890E+08   0.197873E+08   0.197873E+08   0.197939E+08  -0.473122E+00   0.104470E+08   0.104470E+08   0.187258E+02
   0.420435E-04   0.197872E+08   0.197872E+08   0.261620E+08   0.261573E+08   0.197888E+08   0.197872E+08   0.197872E+08   0.197938E+08  -0.473121E+00   0.104469E+08   0.104469E+08   0.206677E+02
   0.464240E-04   0.197871E+08   0.197871E+08   0.261137E+08   0.261079E+08   0.197886E+08   0.197872E+08   0.197871E+08   0.197937E+08  -0.473120E+00   0.104469E+08   0.104469E+08   0.228088E+02
   0.512608E-04   0.197870E+08   0.197870E+08   0.260549E+08   0.260479E+08   0.197883E+08   0.197870E+08   0.197870E+08   0.197936E+08  -0.473118E+00   0.104468E+08   0.104468E+08   0.251687E+02
   0.566016E-04   0.197869E+08   0.197869E+08   0.259834E+08   0.259748E+08   0.197880E+08   0.197869E+08   0.197869E+08   0.197935E+08  -0.473116E+00   0.104468E+08   0.104468E+08   0.277688E+02
   0.624989E-04   0.197867E+08   0.197867E+08   0.258964E+08   0.258860E+08   0.197876E+08   0.197867E+08   0.197867E+08   0.197933E+08  -0.473113E+00   0.104467E+08   0.104467E+08   0.306322E+02
   0.690106E-04   0.197865E+08   0.197865E+08   0.257907E+08   0.257781E+08   0.197871E+08   0.197865E+08   0.197865E+08   0.197931E+08  -0.473109E+00   0.104466E+08   0.104466E+08   0.337837E+02
   0.762008E-04   0.197863E+08   0.197863E+08   0.256624E+08   0.256470E+08   0.197865E+08   0.197863E+08   0.197863E+08   0.197928E+08  -0.473104E+00   0.104464E+08   0.104464E+08   0.372497E+02
   0.841401E-04   0.197860E+08   0.197860E+08   0.255068E+08   0.254881E+08   0.197858E+08   0.197860E+08   0.197860E+08   0.197924E+08  -0.473098E+00   0.104463E+08   0.104463E+08   0.410583E+02
   0.929066E-04   0.197857E+08   0.197856E+08   0.253182E+08   0.252956E+08   0.197849E+08   0.197857E+08   0.197857E+08   0.197920E+08  -0.473090E+00   0.104461E+08   0.104461E+08   0.452389E+02
   0.102586E-03   0.197852E+08   0.197852E+08   0.250900E+08   0.250626E+08   0.197838E+08   0.197852E+08   0.197852E+08   0.197916E+08  -0.473079E+00   0.104459E+08   0.104458E+08   0.498219E+02
   0.113275E-03   0.197847E+08   0.197847E+08   0.248143E+08   0.247812E+08   0.197825E+08   0.197847E+08   0.197847E+08   0.197909E+08  -0.473067E+00   0.104456E+08   0.104456E+08   0.548379E+02
   0.125077E-03   0.197841E+08   0.197840E+08   0.244820E+08   0.244421E+08   0.197809E+08   0.197840E+08   0.197841E+08   0.197902E+08  -0.473051E+00   0.104452E+08   0.104452E+08   0.603170E+02
   0.138108E-03   0.197833E+08   0.197832E+08   0.240824E+08   0.240343E+08   0.197789E+08   0.197833E+08   0.197833E+08   0.197893E+08  -0.473031E+00   0.104448E+08   0.104448E+08   0.662877E+02
   0.152498E-03   0.197823E+08   0.197822E+08   0.236033E+08   0.235456E+08   0.197765E+08   0.197823E+08   0.197823E+08   0.197883E+08  -0.473007E+00   0.104443E+08   0.104443E+08   0.727749E+02
   0.168386E-03   0.197812E+08   0.197811E+08   0.230311E+08   0.229622E+08   0.197736E+08   0.197811E+08   0.197812E+08   0.197869E+08  -0.472976E+00   0.104437E+08   0.104436E+08   0.797976E+02
   0.185931E-03   0.197798E+08   0.197796E+08   0.223509E+08   0.222687E+08   0.197700E+08   0.197797E+08   0.197798E+08   0.197854E+08  -0.472939E+00   0.104429E+08   0.104429E+08   0.873660E+02
   0.205302E-03   0.197781E+08   0.197779E+08   0.215467E+08   0.214493E+08   0.197657E+08   0.197780E+08   0.197781E+08   0.197834E+08  -0.472893E+00   0.104420E+08   0.104419E+08   0.954777E+02
   0.226693E-03   0.197760E+08   0.197758E+08   0.206025E+08   0.204879E+08   0.197604E+08   0.197759E+08   0.197760E+08   0.197811E+08  -0.472836E+00   0.104409E+08   0.104408E+08   0.104112E+03
   0.250312E-03   0.197735E+08   0.197733E+08   0.195034E+08   0.193695E+08   0.197540E+08   0.197734E+08   0.197735E+08   0.197783E+08  -0.472767E+00   0.104395E+08   0.104395E+08   0.113224E+03
   0.276391E-03   0.197705E+08   0.197702E+08   0.182374E+08   0.180824E+08   0.197463E+08   0.197703E+08   0.197704E+08   0.197749E+08  -0.472682E+00   0.104379E+08   0.104378E+08   0.122738E+03
   0.305188E-03   0.197668E+08   0.197664E+08   0.167980E+08   0.166208E+08   0.197368E+08   0.197666E+08   0.197667E+08   0.197708E+08  -0.472579E+00   0.104359E+08   0.104358E+08   0.132538E+03
   0.336986E-03   0.197624E+08   0.197619E+08   0.151876E+08   0.149879E+08   0.197254E+08   0.197621E+08   0.197623E+08   0.197660E+08  -0.472455E+00   0.104335E+08   0.104334E+08   0.142459E+03
   0.372096E-03   0.197570E+08   0.197565E+08   0.134220E+08   0.132011E+08   0.197115E+08   0.197567E+08   0.197569E+08   0.197601E+08  -0.472305E+00   0.104306E+08   0.104305E+08   0.152280E+03
   0.410864E-03   0.197506E+08   0.197500E+08   0.115346E+08   0.112958E+08   0.196948E+08   0.197502E+08   0.197505E+08   0.197531E+08  -0.472126E+00   0.104272E+08   0.104270E+08   0.161715E+03
   0.453672E-03   0.197429E+08   0.197421E+08   0.958057E+07   0.932971E+07   0.196745E+08   0.197424E+08   0.197427E+08   0.197448E+08  -0.471912E+00   0.104230E+08   0.104228E+08   0.170415E+03
   0.500940E-03   0.197336E+08   0.197328E+08   0.763851E+07   0.738445E+07   0.196500E+08   0.197331E+08   0.197335E+08   0.197350E+08  -0.471658E+00   0.104180E+08   0.104177E+08   0.177974E+03
   0.553132E-03   0.197226E+08   0.197216E+08   0.580758E+07   0.556209E+07   0.196206E+08   0.197220E+08   0.197224E+08   0.197234E+08  -0.471359E+00   0.104120E+08   0.104117E+08   0.183949E+03
   0.610763E-03   0.197095E+08   0.197083E+08   0.419690E+07   0.397389E+07   0.195852E+08   0.197087E+08   0.197093E+08   0.197098E+08  -0.471010E+00   0.104050E+08   0.104046E+08   0.187892E+03
   0.674397E-03   0.196939E+08   0.196926E+08   0.290536E+07   0.271893E+07   0.195427E+08   0.196930E+08   0.196937E+08   0.196938E+08  -0.470603E+00   0.103966E+08   0.103962E+08   0.189406E+03
   0.744662E-03   0.196756E+08   0.196742E+08   0.199252E+07   0.185397E+07   0.194920E+08   0.196745E+08   0.196754E+08   0.196750E+08  -0.470132E+00   0.103867E+08   0.103863E+08   0.188204E+03
   0.822248E-03   0.196541E+08   0.196524E+08   0.144861E+07   0.136278E+07   0.194316E+08   0.196528E+08   0.196538E+08   0.196532E+08  -0.469588E+00   0.103751E+08   0.103747E+08   0.184176E+03
   0.907917E-03   0.196288E+08   0.196271E+08   0.117987E+07   0.114220E+07   0.193597E+08   0.196273E+08   0.196286E+08   0.196276E+08  -0.468962E+00   0.103616E+08   0.103611E+08   0.177425E+03
   0.100251E-02   0.195994E+08   0.195975E+08   0.103099E+07   0.102740E+07   0.192747E+08   0.195976E+08   0.195991E+08   0.195979E+08  -0.468240E+00   0.103458E+08   0.103453E+08   0.168268E+03
   0.110696E-02   0.195652E+08   0.195631E+08   0.855058E+06   0.866191E+06   0.191744E+08   0.195631E+08   0.195649E+08   0.195633E+08  -0.467406E+00   0.103275E+08   0.103269E+08   0.157180E+03
   0.122230E-02   0.195255E+08   0.195234E+08   0.603274E+06   0.612271E+06   0.190567E+08   0.195231E+08   0.195252E+08   0.195232E+08  -0.466442E+00   0.103063E+08   0.103057E+08   0.144712E+03
   0.134965E-02   0.194796E+08   0.194774E+08   0.357311E+06   0.356396E+06   0.189195E+08   0.194768E+08   0.194793E+08   0.194768E+08  -0.465328E+00   0.102818E+08   0.102813E+08   0.131439E+03
   0.149027E-02   0.194267E+08   0.194245E+08   0.233380E+06   0.223959E+06   0.187610E+08   0.194234E+08   0.194264E+08   0.194234E+08  -0.464045E+00   0.102536E+08   0.102531E+08   0.117976E+03
   0.164553E-02   0.193659E+08   0.193636E+08   0.221743E+06  -0.172422E+06   0.185792E+08   0.193620E+08   0.193655E+08   0.193620E+08  -0.462572E+00   0.102212E+08   0.102207E+08   0.105012E+03
   0.181698E-02   0.192962E+08   0.192939E+08   0.186262E+06  -0.140901E+06   0.183724E+08   0.192916E+08   0.192958E+08   0.192917E+08  -0.460888E+00   0.101841E+08   0.101836E+08   0.932241E+02
   0.200629E-02   0.192165E+08   0.192142E+08   0.901955E+05  -0.115084E+06   0.181392E+08   0.192112E+08   0.192161E+08   0.192112E+08  -0.458964E+00   0.101417E+08   0.101412E+08   0.830511E+02
   0.221533E-02   0.191256E+08   0.191233E+08   0.524571E+05  -0.939423E+05   0.178789E+08   0.191197E+08   0.191253E+08   0.191197E+08  -0.456773E+00   0.100934E+08   0.100929E+08   0.745553E+02
   0.244614E-02   0.190226E+08   0.190201E+08   0.595970E+05  -0.766352E+05   0.175908E+08   0.190157E+08   0.190222E+08   0.190157E+08  -0.454288E+00   0.100386E+08   0.100381E+08   0.675033E+02
   0.270100E-02   0.189059E+08   0.189033E+08   0.241605E+05  -0.624709E+05   0.172751E+08   0.188982E+08   0.189055E+08   0.188982E+08  -0.451478E+00   0.997663E+07   0.997613E+07   0.614477E+02
   0.298241E-02   0.187745E+08   0.187717E+08   0.245783E+05  -0.508835E+05   0.169314E+08   0.187658E+08   0.187741E+08   0.187658E+08  -0.448313E+00   0.990684E+07   0.990634E+07   0.558517E+02
   0.329315E-02   0.186270E+08   0.186240E+08   0.104422E+05  -0.414082E+05   0.165595E+08   0.186172E+08   0.186266E+08   0.186172E+08  -0.444763E+00   0.982855E+07   0.982806E+07   0.504398E+02
   0.363626E-02   0.184622E+08   0.184589E+08   0.449196E+04  -0.336642E+05   0.161584E+08   0.184513E+08   0.184616E+08   0.184513E+08  -0.440797E+00   0.974108E+07   0.974058E+07   0.452956E+02
   0.401512E-02   0.182786E+08   0.182751E+08  -0.303389E+04  -0.273388E+05   0.157271E+08   0.182665E+08   0.182780E+08   0.182665E+08  -0.436383E+00   0.964371E+07   0.964322E+07   0.407127E+02
   0.443345E-02   0.180750E+08   0.180711E+08   0.224122E+03  -0.221756E+05   0.152642E+08   0.180617E+08   0.180744E+08   0.180617E+08  -0.431489E+00   0.953576E+07   0.953527E+07   0.367979E+02
   0.489537E-02   0.178500E+08   0.178457E+08  -0.205385E+04  -0.179641E+05   0.147704E+08   0.178355E+08   0.178494E+08   0.178355E+08  -0.426084E+00   0.941653E+07   0.941604E+07   0.333127E+02
   0.540541E-02   0.176024E+08   0.175976E+08  -0.267743E+04  -0.145317E+05   0.142455E+08   0.175865E+08   0.176017E+08   0.175865E+08  -0.420136E+00   0.928533E+07   0.928484E+07   0.300353E+02
   0.596860E-02   0.173308E+08   0.173254E+08  -0.189773E+04  -0.117367E+05   0.136891E+08   0.173135E+08   0.173299E+08   0.173135E+08  -0.413614E+00   0.914144E+07   0.914095E+07   0.270792E+02
   0.659046E-02   0.170342E+08   0.170281E+08  -0.238605E+04  -0.946341E+04   0.130699E+08   0.170154E+08   0.170332E+08   0.170154E+08  -0.406491E+00   0.898430E+07   0.898382E+07   0.245190E+02
   0.727711E-02   0.167104E+08   0.167034E+08  -0.207736E+04  -0.761580E+04   0.124367E+08   0.166900E+08   0.167093E+08   0.166900E+08  -0.398718E+00   0.881281E+07   0.881232E+07   0.221840E+02
   0.803531E-02   0.163582E+08   0.163501E+08  -0.203256E+04  -0.611608E+04   0.117767E+08   0.163363E+08   0.163569E+08   0.163363E+08  -0.390266E+00   0.862631E+07   0.862583E+07   0.200954E+02
   0.887250E-02   0.159767E+08   0.159674E+08  -0.238872E+04  -0.490050E+04   0.110992E+08   0.159532E+08   0.159752E+08   0.159532E+08  -0.381115E+00   0.842437E+07   0.842388E+07   0.182526E+02
   0.979692E-02   0.155645E+08   0.155538E+08  -0.122260E+04  -0.391665E+04   0.104051E+08   0.155396E+08   0.155628E+08   0.155396E+08  -0.371233E+00   0.820628E+07   0.820579E+07   0.165942E+02
   0.108177E-01   0.151204E+08   0.151079E+08  -0.160695E+04  -0.312158E+04   0.969372E+07   0.150940E+08   0.151184E+08   0.150940E+08  -0.360587E+00   0.797129E+07   0.797080E+07   0.151451E+02
   0.119447E-01   0.146429E+08   0.146285E+08  -0.134968E+04  -0.248016E+04   0.897086E+07   0.146151E+08   0.146407E+08   0.146151E+08  -0.349147E+00   0.771876E+07   0.771826E+07   0.138427E+02
   0.131892E-01   0.141312E+08   0.141144E+08  -0.969134E+03  -0.196370E+04   0.824424E+07   0.141020E+08   0.141285E+08   0.141020E+08  -0.336890E+00   0.744814E+07   0.744764E+07   0.126998E+02
   0.145634E-01   0.135842E+08   0.135647E+08  -0.960148E+03  -0.154875E+04   0.752048E+07   0.135538E+08   0.135811E+08   0.135538E+08  -0.323792E+00   0.715894E+07   0.715843E+07   0.116828E+02
   0.160808E-01   0.130013E+08   0.129789E+08  -0.875804E+03  -0.121617E+04   0.680207E+07   0.129699E+08   0.129978E+08   0.129699E+08  -0.309843E+00   0.685090E+07   0.685039E+07   0.107783E+02
   0.177562E-01   0.123828E+08   0.123571E+08  -0.533690E+03  -0.950348E+03   0.609844E+07   0.123505E+08   0.123788E+08   0.123505E+08  -0.295046E+00   0.652407E+07   0.652354E+07   0.996209E+01
   0.196062E-01   0.117296E+08   0.117003E+08  -0.508509E+03  -0.738599E+03   0.541516E+07   0.116966E+08   0.117250E+08   0.116966E+08  -0.279425E+00   0.617902E+07   0.617847E+07   0.921738E+01
   0.216490E-01   0.110443E+08   0.110112E+08  -0.356363E+03  -0.570589E+03   0.475931E+07   0.110108E+08   0.110391E+08   0.110108E+08  -0.263041E+00   0.581707E+07   0.581651E+07   0.852312E+01
   0.239046E-01   0.103313E+08   0.102945E+08  -0.296526E+03  -0.437925E+03   0.413768E+07   0.102976E+08   0.103255E+08   0.102976E+08  -0.246004E+00   0.544062E+07   0.544005E+07   0.785487E+01
   0.263952E-01   0.959787E+07   0.955755E+07  -0.234033E+03  -0.333791E+03   0.355718E+07   0.956434E+07   0.959154E+07   0.956434E+07  -0.228486E+00   0.505348E+07   0.505291E+07   0.719379E+01
   0.291452E-01   0.885443E+07   0.881114E+07  -0.148368E+03  -0.252646E+03   0.302348E+07   0.882138E+07   0.884763E+07   0.882138E+07  -0.210737E+00   0.466119E+07   0.466062E+07   0.651892E+01
   0.321819E-01   0.811512E+07   0.806979E+07  -0.159835E+03  -0.189975E+03   0.254183E+07   0.808291E+07   0.810800E+07   0.808291E+07  -0.193095E+00   0.427123E+07   0.427067E+07   0.581454E+01
   0.355349E-01   0.739739E+07   0.735141E+07  -0.950258E+02  -0.142079E+03   0.211606E+07   0.736640E+07   0.739017E+07   0.736640E+07  -0.175978E+00   0.389282E+07   0.389228E+07   0.507209E+01
   0.392372E-01   0.672078E+07   0.667593E+07  -0.698429E+02  -0.105908E+03   0.174811E+07   0.669135E+07   0.671373E+07   0.669135E+07  -0.159852E+00   0.353628E+07   0.353578E+07   0.429402E+01
   0.433253E-01   0.610409E+07   0.606242E+07  -0.774831E+02  -0.789215E+02   0.143743E+07   0.607654E+07   0.609754E+07   0.607654E+07  -0.145164E+00   0.321152E+07   0.321107E+07   0.349757E+01
   0.476578E-01   0.557874E+07   0.554204E+07  -0.584736E+02  -0.596334E+02   0.118912E+07   0.555321E+07   0.557297E+07   0.555321E+07  -0.132662E+00   0.293508E+07   0.293468E+07   0.274615E+01
   0.519904E-01   0.516488E+07   0.513396E+07  -0.455068E+02  -0.464090E+02   0.100178E+07   0.514128E+07   0.516003E+07   0.514128E+07  -0.122821E+00   0.271746E+07   0.271713E+07   0.211074E+01
   0.563229E-01   0.482837E+07   0.480321E+07  -0.362623E+02  -0.369811E+02   0.856228E+06   0.480653E+07   0.482442E+07   0.480653E+07  -0.114824E+00   0.254061E+07   0.254034E+07   0.160275E+01
   0.606554E-01   0.454309E+07   0.452297E+07  -0.294298E+02  -0.300130E+02   0.739720E+06   0.452280E+07   0.453993E+07   0.452280E+07  -0.108046E+00   0.239071E+07   0.239049E+07   0.122324E+01
   0.649880E-01   0.428947E+07   0.427320E+07  -0.242127E+02  -0.246924E+02   0.643742E+06   0.427049E+07   0.428691E+07   0.427049E+07  -0.102019E+00   0.225740E+07   0.225721E+07   0.962542E+00
   0.693205E-01   0.405129E+07   0.403745E+07  -0.201040E+02  -0.205022E+02   0.562352E+06   0.403340E+07   0.404912E+07   0.403340E+07  -0.963547E-01   0.213213E+07   0.213196E+07   0.802076E+00
   0.736530E-01   0.381656E+07   0.380376E+07  -0.167796E+02  -0.171120E+02   0.491555E+06   0.379957E+07   0.381455E+07   0.379957E+07  -0.907687E-01   0.200856E+07   0.200841E+07   0.717701E+00
   0.779856E-01   0.358156E+07   0.356866E+07  -0.140472E+02  -0.143254E+02   0.429267E+06   0.356533E+07   0.357953E+07   0.356533E+07  -0.851728E-01   0.188478E+07   0.188462E+07   0.683827E+00
   0.823181E-01   0.334931E+07   0.333556E+07  -0.117908E+02  -0.120243E+02   0.374572E+06   0.333375E+07   0.334715E+07   0.333375E+07  -0.796404E-01   0.176239E+07   0.176222E+07   0.676580E+00
   0.866506E-01   0.312617E+07   0.311128E+07  -0.993273E+01  -0.101293E+02   0.327047E+06   0.311123E+07   0.312383E+07   0.311123E+07  -0.743246E-01   0.164478E+07   0.164461E+07   0.676204E+00
   0.909831E-01   0.291837E+07   0.290243E+07  -0.841063E+01  -0.857708E+01   0.286267E+06   0.290402E+07   0.291587E+07   0.290402E+07  -0.693744E-01   0.153526E+07   0.153508E+07   0.668530E+00
   0.963874E-01   0.268791E+07   0.267128E+07  -0.690237E+01  -0.703895E+01   0.244056E+06   0.267429E+07   0.268530E+07   0.267429E+07  -0.638865E-01   0.141384E+07   0.141366E+07   0.637113E+00
   0.101792E+00   0.249515E+07   0.247882E+07  -0.574548E+01  -0.585915E+01   0.210376E+06   0.248230E+07   0.249259E+07   0.248230E+07  -0.593000E-01   0.131236E+07   0.131218E+07   0.579051E+00
   0.107196E+00   0.234159E+07   0.232652E+07  -0.486249E+01  -0.495868E+01   0.183870E+06   0.232951E+07   0.233922E+07   0.232951E+07  -0.556499E-01   0.123160E+07   0.123144E+07   0.501379E+00
   0.112600E+00   0.222181E+07   0.220866E+07  -0.418218E+01  -0.426491E+01   0.162923E+06   0.221048E+07   0.221975E+07   0.221048E+07  -0.528063E-01   0.116868E+07   0.116854E+07   0.416411E+00
   0.118005E+00   0.212501E+07   0.211401E+07  -0.364264E+01  -0.371469E+01   0.145879E+06   0.211437E+07   0.212328E+07   0.211437E+07  -0.505104E-01   0.111788E+07   0.111776E+07   0.336950E+00
   0.123409E+00   0.203925E+07   0.203019E+07  -0.319674E+01  -0.325996E+01   0.131354E+06   0.202923E+07   0.203783E+07   0.202923E+07  -0.484766E-01   0.107287E+07   0.107277E+07   0.272748E+00
   0.128813E+00   0.195507E+07   0.194740E+07  -0.281340E+01  -0.286904E+01   0.118408E+06   0.194559E+07   0.195386E+07   0.194559E+07  -0.464784E-01   0.102866E+07   0.102857E+07   0.228627E+00
   0.134217E+00   0.186709E+07   0.186013E+07  -0.247502E+01  -0.252396E+01   0.106528E+06   0.185807E+07   0.186600E+07   0.185807E+07  -0.443875E-01   0.982390E+06   0.982308E+06   0.204262E+00
   0.139622E+00   0.177420E+07   0.176731E+07  -0.217343E+01  -0.221640E+01   0.955341E+05   0.176555E+07   0.177312E+07   0.176555E+07  -0.421775E-01   0.933486E+06   0.933404E+06   0.195299E+00
   0.145026E+00   0.167847E+07   0.167122E+07  -0.190578E+01  -0.194346E+01   0.854404E+05   0.167016E+07   0.167734E+07   0.167016E+07  -0.398986E-01   0.883056E+06   0.882971E+06   0.195217E+00
   0.150430E+00   0.158379E+07   0.157601E+07  -0.167134E+01  -0.170438E+01   0.763362E+05   0.157578E+07   0.158257E+07   0.157578E+07  -0.376439E-01   0.833161E+06   0.833072E+06   0.197338E+00
   0.155834E+00   0.149484E+07   0.148663E+07  -0.146992E+01  -0.149898E+01   0.683253E+05   0.148713E+07   0.149355E+07   0.148713E+07  -0.355262E-01   0.786296E+06   0.786204E+06   0.196457E+00
   0.161239E+00   0.141610E+07   0.140774E+07  -0.130069E+01  -0.132641E+01   0.614707E+05   0.140869E+07   0.141479E+07   0.140869E+07  -0.336522E-01   0.744825E+06   0.744734E+06   0.189747E+00
   0.166643E+00   0.135006E+07   0.134191E+07  -0.116094E+01  -0.118388E+01   0.557348E+05   0.134295E+07   0.134878E+07   0.134295E+07  -0.320819E-01   0.710073E+06   0.709984E+06   0.176855E+00
   0.172047E+00   0.129619E+07   0.128857E+07  -0.104574E+01  -0.106642E+01   0.509588E+05   0.128938E+07   0.129499E+07   0.128938E+07  -0.308021E-01   0.681751E+06   0.681669E+06   0.159373E+00
   0.177452E+00   0.125164E+07   0.124478E+07  -0.949318E+00  -0.968082E+00   0.469199E+05   0.124514E+07   0.125056E+07   0.124514E+07  -0.297452E-01   0.658360E+06   0.658285E+06   0.139982E+00
   0.182856E+00   0.121295E+07   0.120688E+07  -0.866478E+00  -0.883605E+00   0.434065E+05   0.120673E+07   0.121200E+07   0.120673E+07  -0.288276E-01   0.638053E+06   0.637986E+06   0.121540E+00
   0.188260E+00   0.117677E+07   0.117141E+07  -0.793134E+00  -0.808810E+00   0.402452E+05   0.117081E+07   0.117593E+07   0.117081E+07  -0.279695E-01   0.619062E+06   0.619002E+06   0.106294E+00
   0.193664E+00   0.114021E+07   0.113534E+07  -0.726246E+00  -0.740601E+00   0.373044E+05   0.113447E+07   0.113944E+07   0.113447E+07  -0.271015E-01   0.599851E+06   0.599796E+06   0.954199E-01
   0.199069E+00   0.110141E+07   0.109680E+07  -0.663987E+00  -0.677110E+00   0.345064E+05   0.109588E+07   0.110068E+07   0.109588E+07  -0.261795E-01   0.579446E+06   0.579393E+06   0.889286E-01
   0.204473E+00   0.106019E+07   0.105563E+07  -0.605808E+00  -0.617781E+00   0.318354E+05   0.105484E+07   0.105948E+07   0.105484E+07  -0.251992E-01   0.557751E+06   0.557699E+06   0.859007E-01
   0.209877E+00   0.101779E+07   0.101312E+07  -0.552006E+00  -0.562915E+00   0.293185E+05   0.101260E+07   0.101706E+07   0.101260E+07  -0.241901E-01   0.535419E+06   0.535365E+06   0.848911E-01
   0.215282E+00   0.976001E+06   0.971179E+06  -0.503087E+00  -0.513029E+00   0.269938E+05   0.970970E+06   0.975244E+06   0.970970E+06  -0.231955E-01   0.513406E+06   0.513351E+06   0.843754E-01
   0.220686E+00   0.936581E+06   0.931645E+06  -0.459402E+00  -0.468481E+00   0.248916E+05   0.931700E+06   0.935806E+06   0.931700E+06  -0.222574E-01   0.492644E+06   0.492589E+06   0.831270E-01
   0.226090E+00   0.900905E+06   0.895957E+06  -0.421026E+00  -0.429345E+00   0.230268E+05   0.896175E+06   0.900128E+06   0.896175E+06  -0.214087E-01   0.473861E+06   0.473806E+06   0.804489E-01
   0.231494E+00   0.869676E+06   0.864844E+06  -0.387680E+00  -0.395341E+00   0.213946E+05   0.865097E+06   0.868917E+06   0.865097E+06  -0.206663E-01   0.457430E+06   0.457377E+06   0.762278E-01
   0.236899E+00   0.842762E+06   0.838160E+06  -0.358748E+00  -0.365837E+00   0.199697E+05   0.838334E+06   0.842039E+06   0.838334E+06  -0.200270E-01   0.443279E+06   0.443228E+06   0.708345E-01
   0.242303E+00   0.819347E+06   0.815047E+06  -0.333410E+00  -0.339999E+00   0.187140E+05   0.815066E+06   0.818672E+06   0.815066E+06  -0.194711E-01   0.430976E+06   0.430929E+06   0.649275E-01
   0.247707E+00   0.798241E+06   0.794262E+06  -0.310819E+00  -0.316960E+00   0.175860E+05   0.794100E+06   0.797616E+06   0.794100E+06  -0.189703E-01   0.419891E+06   0.419847E+06   0.592259E-01
   0.253111E+00   0.778145E+06   0.774453E+06  -0.290207E+00  -0.295941E+00   0.165465E+05   0.774135E+06   0.777565E+06   0.774135E+06  -0.184933E-01   0.409335E+06   0.409293E+06   0.543136E-01
   0.258516E+00   0.757948E+06   0.754473E+06  -0.270989E+00  -0.276343E+00   0.155657E+05   0.754058E+06   0.757402E+06   0.754058E+06  -0.180137E-01   0.398719E+06   0.398680E+06   0.505178E-01
   0.263920E+00   0.737049E+06   0.733706E+06  -0.252841E+00  -0.257837E+00   0.146272E+05   0.733270E+06   0.736524E+06   0.733270E+06  -0.175171E-01   0.387728E+06   0.387690E+06   0.478786E-01
   0.269324E+00   0.715468E+06   0.712179E+06  -0.235687E+00  -0.240344E+00   0.137290E+05   0.711791E+06   0.714951E+06   0.711791E+06  -0.170040E-01   0.376371E+06   0.376334E+06   0.461920E-01
   0.274729E+00   0.693634E+06   0.690346E+06  -0.219592E+00  -0.223931E+00   0.128766E+05   0.690051E+06   0.693117E+06   0.690051E+06  -0.164846E-01   0.364877E+06   0.364840E+06   0.451029E-01
   0.280133E+00   0.672115E+06   0.668808E+06  -0.204647E+00  -0.208690E+00   0.120773E+05   0.668623E+06   0.671595E+06   0.668623E+06  -0.159727E-01   0.353547E+06   0.353510E+06   0.442159E-01
   0.285537E+00   0.651490E+06   0.648174E+06  -0.190927E+00  -0.194699E+00   0.113376E+05   0.648086E+06   0.650969E+06   0.648086E+06  -0.154821E-01   0.342688E+06   0.342651E+06   0.431978E-01
   0.290941E+00   0.632282E+06   0.628989E+06  -0.178477E+00  -0.182004E+00   0.106619E+05   0.628966E+06   0.631765E+06   0.628966E+06  -0.150254E-01   0.332578E+06   0.332542E+06   0.418456E-01
   0.296346E+00   0.614817E+06   0.611590E+06  -0.167276E+00  -0.170581E+00   0.100508E+05   0.611586E+06   0.614310E+06   0.611586E+06  -0.146102E-01   0.323389E+06   0.323354E+06   0.401071E-01
   0.301750E+00   0.599087E+06   0.595966E+06  -0.157212E+00  -0.160318E+00   0.949922E+04   0.595941E+06   0.598596E+06   0.595941E+06  -0.142365E-01   0.315117E+06   0.315082E+06   0.380608E-01
   0.307154E+00   0.584781E+06   0.581792E+06  -0.148109E+00  -0.151035E+00   0.899785E+04   0.581719E+06   0.584312E+06   0.581719E+06  -0.138967E-01   0.307597E+06   0.307564E+06   0.358684E-01
   0.312559E+00   0.571454E+06   0.568605E+06  -0.139775E+00  -0.142537E+00   0.853632E+04   0.568471E+06   0.571006E+06   0.568471E+06  -0.135802E-01   0.300592E+06   0.300560E+06   0.337190E-01
   0.317963E+00   0.558675E+06   0.555957E+06  -0.132047E+00  -0.134656E+00   0.810551E+04   0.555768E+06   0.558248E+06   0.555768E+06  -0.132768E-01   0.293875E+06   0.293845E+06   0.317770E-01
   0.323367E+00   0.546099E+06   0.543488E+06  -0.124799E+00  -0.127264E+00   0.769847E+04   0.543264E+06   0.545688E+06   0.543264E+06  -0.129780E-01   0.287263E+06   0.287234E+06   0.301449E-01
   0.328771E+00   0.533490E+06   0.530957E+06  -0.117944E+00  -0.120274E+00   0.731049E+04   0.530722E+06   0.533092E+06   0.530722E+06  -0.126784E-01   0.280632E+06   0.280604E+06   0.288485E-01
   0.334176E+00   0.520768E+06   0.518285E+06  -0.111438E+00  -0.113640E+00   0.693937E+04   0.518064E+06   0.520378E+06   0.518064E+06  -0.123760E-01   0.273939E+06   0.273911E+06   0.278442E-01
   0.339580E+00   0.508025E+06   0.505572E+06  -0.105278E+00  -0.107358E+00   0.658539E+04   0.505381E+06   0.507640E+06   0.505381E+06  -0.120731E-01   0.267233E+06   0.267205E+06   0.270424E-01
   0.344984E+00   0.495477E+06   0.493043E+06  -0.994861E-01  -0.101451E+00   0.625031E+04   0.492892E+06   0.495095E+06   0.492892E+06  -0.117747E-01   0.260629E+06   0.260602E+06   0.263372E-01
   0.350388E+00   0.483365E+06   0.480951E+06  -0.940829E-01  -0.959416E-01   0.593600E+04   0.480836E+06   0.482986E+06   0.480836E+06  -0.114867E-01   0.254254E+06   0.254227E+06   0.256333E-01
   0.355793E+00   0.471862E+06   0.469477E+06  -0.890749E-01  -0.908346E-01   0.564326E+04   0.469388E+06   0.471487E+06   0.469388E+06  -0.112132E-01   0.248201E+06   0.248175E+06   0.248658E-01
   0.361197E+00   0.461051E+06   0.458708E+06  -0.844493E-01  -0.861176E-01   0.537170E+04   0.458630E+06   0.460683E+06   0.458630E+06  -0.109562E-01   0.242513E+06   0.242487E+06   0.240090E-01
   0.366601E+00   0.450935E+06   0.448648E+06  -0.801797E-01  -0.817636E-01   0.512004E+04   0.448568E+06   0.450575E+06   0.448568E+06  -0.107158E-01   0.237192E+06   0.237167E+06   0.230748E-01
   0.372006E+00   0.441453E+06   0.439231E+06  -0.762305E-01  -0.777364E-01   0.488635E+04   0.439137E+06   0.441104E+06   0.439137E+06  -0.104906E-01   0.232206E+06   0.232182E+06   0.221023E-01
   0.377410E+00   0.432483E+06   0.430330E+06  -0.725590E-01  -0.739924E-01   0.466822E+04   0.430218E+06   0.432145E+06   0.430218E+06  -0.102775E-01   0.227490E+06   0.227466E+06   0.211421E-01
   0.382814E+00   0.423865E+06   0.421779E+06  -0.691203E-01  -0.704858E-01   0.446299E+04   0.421648E+06   0.423537E+06   0.421648E+06  -0.100728E-01   0.222958E+06   0.222935E+06   0.202412E-01
   0.388218E+00   0.415447E+06   0.413420E+06  -0.658753E-01  -0.671766E-01   0.426836E+04   0.413277E+06   0.415129E+06   0.413277E+06  -0.987277E-02   0.218532E+06   0.218509E+06   0.194319E-01
   0.393623E+00   0.407132E+06   0.405154E+06  -0.627968E-01  -0.640373E-01   0.408277E+04   0.405006E+06   0.406821E+06   0.405006E+06  -0.967519E-02   0.214159E+06   0.214137E+06   0.187267E-01
   0.399027E+00   0.398889E+06   0.396951E+06  -0.598705E-01  -0.610532E-01   0.390544E+04   0.396806E+06   0.398585E+06   0.396806E+06  -0.947930E-02   0.209823E+06   0.209801E+06   0.181190E-01
   0.404431E+00   0.390744E+06   0.388836E+06  -0.570911E-01  -0.582189E-01   0.373619E+04   0.388701E+06   0.390444E+06   0.388701E+06  -0.928568E-02   0.205537E+06   0.205516E+06   0.175871E-01
   0.409835E+00   0.382747E+06   0.380866E+06  -0.544576E-01  -0.555334E-01   0.357508E+04   0.380744E+06   0.382452E+06   0.380744E+06  -0.909559E-02   0.201330E+06   0.201309E+06   0.171021E-01
   0.415240E+00   0.374961E+06   0.373104E+06  -0.519700E-01  -0.529967E-01   0.342226E+04   0.372996E+06   0.374669E+06   0.372996E+06  -0.891049E-02   0.197233E+06   0.197212E+06   0.166356E-01
   0.420644E+00   0.367442E+06   0.365612E+06  -0.496278E-01  -0.506082E-01   0.327782E+04   0.365515E+06   0.367155E+06   0.365515E+06  -0.873178E-02   0.193277E+06   0.193257E+06   0.161662E-01
   0.426048E+00   0.360238E+06   0.358438E+06  -0.474284E-01  -0.483653E-01   0.314172E+04   0.358347E+06   0.359956E+06   0.358347E+06  -0.856056E-02   0.189487E+06   0.189467E+06   0.156829E-01
   0.431453E+00   0.353367E+06   0.351600E+06  -0.453657E-01  -0.462618E-01   0.301366E+04   0.351512E+06   0.353089E+06   0.351512E+06  -0.839726E-02   0.185873E+06   0.185853E+06   0.151856E-01
   0.436857E+00   0.346806E+06   0.345077E+06  -0.434289E-01  -0.442868E-01   0.289303E+04   0.344986E+06   0.346535E+06   0.344986E+06  -0.824136E-02   0.182422E+06   0.182403E+06   0.146821E-01
   0.442261E+00   0.340506E+06   0.338816E+06  -0.416045E-01  -0.424264E-01   0.277904E+04   0.338720E+06   0.340241E+06   0.338720E+06  -0.809167E-02   0.179109E+06   0.179090E+06   0.141851E-01
   0.447665E+00   0.334414E+06   0.332761E+06  -0.398798E-01  -0.406676E-01   0.267090E+04   0.332660E+06   0.334154E+06   0.332660E+06  -0.794691E-02   0.175905E+06   0.175886E+06   0.137078E-01
   0.453070E+00   0.328487E+06   0.326871E+06  -0.382443E-01  -0.389998E-01   0.256800E+04   0.326765E+06   0.328233E+06   0.326765E+06  -0.780609E-02   0.172788E+06   0.172770E+06   0.132607E-01
   0.458474E+00   0.322692E+06   0.321109E+06  -0.366893E-01  -0.374141E-01   0.246984E+04   0.321001E+06   0.322443E+06   0.321001E+06  -0.766840E-02   0.169740E+06   0.169722E+06   0.128493E-01
   0.463878E+00   0.317001E+06   0.315446E+06  -0.352075E-01  -0.359030E-01   0.237594E+04   0.315340E+06   0.316757E+06   0.315340E+06  -0.753315E-02   0.166746E+06   0.166729E+06   0.124730E-01
   0.469283E+00   0.311401E+06   0.309872E+06  -0.337936E-01  -0.344612E-01   0.228604E+04   0.309769E+06   0.311161E+06   0.309769E+06  -0.740006E-02   0.163800E+06   0.163783E+06   0.121271E-01
   0.474687E+00   0.305907E+06   0.304401E+06  -0.324458E-01  -0.330867E-01   0.220005E+04   0.304302E+06   0.305670E+06   0.304302E+06  -0.726947E-02   0.160910E+06   0.160893E+06   0.118037E-01
   0.480091E+00   0.300544E+06   0.299060E+06  -0.311634E-01  -0.317790E-01   0.211798E+04   0.298967E+06   0.300311E+06   0.298967E+06  -0.714202E-02   0.158089E+06   0.158072E+06   0.114949E-01
   0.485495E+00   0.295334E+06   0.293872E+06  -0.299453E-01  -0.305368E-01   0.203979E+04   0.293784E+06   0.295105E+06   0.293784E+06  -0.701820E-02   0.155348E+06   0.155332E+06   0.111936E-01
   0.490900E+00   0.290286E+06   0.288846E+06  -0.287889E-01  -0.293576E-01   0.196535E+04   0.288761E+06   0.290059E+06   0.288761E+06  -0.689820E-02   0.152692E+06   0.152676E+06   0.108952E-01
   0.496304E+00   0.285399E+06   0.283982E+06  -0.276913E-01  -0.282383E-01   0.189451E+04   0.283900E+06   0.285176E+06   0.283900E+06  -0.678208E-02   0.150122E+06   0.150106E+06   0.105980E-01
   0.501708E+00   0.280673E+06   0.279281E+06  -0.266494E-01  -0.271758E-01   0.182708E+04   0.279199E+06   0.280455E+06   0.279199E+06  -0.666978E-02   0.147636E+06   0.147620E+06   0.103033E-01
   0.507113E+00   0.276101E+06   0.274734E+06  -0.256596E-01  -0.261664E-01   0.176286E+04   0.274651E+06   0.275886E+06   0.274651E+06  -0.656113E-02   0.145231E+06   0.145216E+06   0.100138E-01
   0.512517E+00   0.271665E+06   0.270322E+06  -0.247178E-01  -0.252060E-01   0.170160E+04   0.270239E+06   0.271454E+06   0.270239E+06  -0.645573E-02   0.142898E+06   0.142883E+06   0.973311E-02
   0.517921E+00   0.267344E+06   0.266025E+06  -0.238197E-01  -0.242902E-01   0.164302E+04   0.265940E+06   0.267137E+06   0.265940E+06  -0.635305E-02   0.140625E+06   0.140610E+06   0.946421E-02
   0.523325E+00   0.263119E+06   0.261823E+06  -0.229617E-01  -0.234152E-01   0.158692E+04   0.261738E+06   0.262916E+06   0.261738E+06  -0.625265E-02   0.138403E+06   0.138388E+06   0.920898E-02
   0.528730E+00   0.258981E+06   0.257705E+06  -0.221409E-01  -0.225783E-01   0.153310E+04   0.257621E+06   0.258781E+06   0.257621E+06  -0.615431E-02   0.136226E+06   0.136212E+06   0.896792E-02
   0.534134E+00   0.254928E+06   0.253672E+06  -0.213557E-01  -0.217775E-01   0.148149E+04   0.253589E+06   0.254731E+06   0.253589E+06  -0.605799E-02   0.134094E+06   0.134080E+06   0.874016E-02
   0.539538E+00   0.250960E+06   0.249723E+06  -0.206043E-01  -0.210113E-01   0.143197E+04   0.249642E+06   0.250766E+06   0.249642E+06  -0.596369E-02   0.132007E+06   0.131993E+06   0.852374E-02
   0.544942E+00   0.247077E+06   0.245858E+06  -0.198851E-01  -0.202779E-01   0.138446E+04   0.245779E+06   0.246885E+06   0.245779E+06  -0.587141E-02   0.129964E+06   0.129951E+06   0.831624E-02
   0.550347E+00   0.243282E+06   0.242080E+06  -0.191971E-01  -0.195763E-01   0.133890E+04   0.242004E+06   0.243093E+06   0.242004E+06  -0.578122E-02   0.127968E+06   0.127955E+06   0.811534E-02
   0.555751E+00   0.239582E+06   0.238397E+06  -0.185392E-01  -0.189055E-01   0.129524E+04   0.238322E+06   0.239396E+06   0.238322E+06  -0.569328E-02   0.126021E+06   0.126008E+06   0.791935E-02
   0.561155E+00   0.235980E+06   0.234813E+06  -0.179106E-01  -0.182644E-01   0.125342E+04   0.234740E+06   0.235797E+06   0.234740E+06  -0.560770E-02   0.124127E+06   0.124114E+06   0.772737E-02
   0.566560E+00   0.232476E+06   0.231326E+06  -0.173096E-01  -0.176515E-01   0.121337E+04   0.231254E+06   0.232296E+06   0.231254E+06  -0.552442E-02   0.122284E+06   0.122271E+06   0.753920E-02
   0.571964E+00   0.229062E+06   0.227929E+06  -0.167347E-01  -0.170652E-01   0.117496E+04   0.227858E+06   0.228884E+06   0.227858E+06  -0.544329E-02   0.120488E+06   0.120475E+06   0.735521E-02
   0.577368E+00   0.225731E+06   0.224615E+06  -0.161841E-01  -0.165037E-01   0.113811E+04   0.224544E+06   0.225556E+06   0.224544E+06  -0.536413E-02   0.118736E+06   0.118723E+06   0.717614E-02
   0.580825E+00   0.223645E+06   0.222541E+06  -0.158442E-01  -0.161572E-01   0.111533E+04   0.222469E+06   0.223472E+06   0.222469E+06  -0.536126E-02   0.117639E+06   0.117626E+06   0.706397E-02
   0.604055E+00   0.210341E+06   0.209303E+06  -0.137777E-01  -0.140499E-01   0.976092E+03   0.209235E+06   0.210178E+06   0.209235E+06  -0.499841E-02   0.110641E+06   0.110629E+06   0.638289E-02
   0.628214E+00   0.197730E+06   0.196754E+06  -0.119748E-01  -0.122113E-01   0.853585E+03   0.196690E+06   0.197577E+06   0.196690E+06  -0.473095E-02   0.104007E+06   0.103996E+06   0.577551E-02
   0.653340E+00   0.185876E+06   0.184959E+06  -0.104078E-01  -0.106133E-01   0.746268E+03   0.184898E+06   0.185732E+06   0.184898E+06  -0.441702E-02   0.977719E+05   0.977616E+05   0.521613E-02
   0.818533E+00   0.129736E+06   0.129096E+06  -0.462821E-02  -0.471963E-02   0.341688E+03   0.129053E+06   0.129636E+06   0.129053E+06  -0.309536E-02   0.682417E+05   0.682346E+05   0.290392E-02
   0.102549E+01   0.900045E+05   0.895606E+05  -0.204565E-02  -0.208605E-02   0.154427E+03   0.895301E+05   0.899348E+05   0.895301E+05  -0.214436E-02   0.473427E+05   0.473378E+05   0.160663E-02
   0.128479E+01   0.621005E+05   0.617943E+05  -0.899235E-03  -0.916996E-03   0.690212E+02   0.617730E+05   0.620524E+05   0.617730E+05  -0.148280E-02   0.326650E+05   0.326616E+05   0.883915E-03
   0.160964E+01   0.426371E+05   0.424269E+05  -0.393347E-03  -0.401116E-03   0.305597E+02   0.424122E+05   0.426041E+05   0.424122E+05  -0.101629E-02   0.224272E+05   0.224249E+05   0.483765E-03
   0.201662E+01   0.291446E+05   0.290010E+05  -0.171299E-03  -0.174682E-03   0.134238E+02   0.289908E+05   0.291220E+05   0.289908E+05  -0.694679E-03   0.153301E+05   0.153285E+05   0.263453E-03
   0.252652E+01   0.198418E+05   0.197441E+05  -0.742994E-04  -0.757668E-04   0.585766E+01   0.197372E+05   0.198265E+05   0.197372E+05  -0.472632E-03   0.104369E+05   0.104358E+05   0.142772E-03
   0.316533E+01   0.134594E+05   0.133931E+05  -0.321097E-04  -0.327439E-04   0.254192E+01   0.133884E+05   0.134490E+05   0.133884E+05  -0.320974E-03   0.707969E+04   0.707896E+04   0.769816E-04
   0.396567E+01   0.909980E+04   0.905498E+04  -0.138308E-04  -0.141040E-04   0.109793E+01   0.905178E+04   0.909276E+04   0.905178E+04  -0.216565E-03   0.478651E+04   0.478602E+04   0.412767E-04
   0.496836E+01   0.613373E+04   0.610353E+04  -0.593944E-05  -0.605674E-05   0.472356E+00   0.610136E+04   0.612898E+04   0.610136E+04  -0.146257E-03   0.322635E+04   0.322603E+04   0.219854E-04
   0.622459E+01   0.412305E+04   0.410276E+04  -0.254358E-05  -0.259381E-05   0.202530E+00   0.410129E+04   0.411986E+04   0.410129E+04  -0.979756E-04   0.216873E+04   0.216852E+04   0.116099E-04
   0.779844E+01   0.276447E+04   0.275088E+04  -0.108653E-05  -0.110799E-05   0.865817E-01   0.274989E+04   0.276234E+04   0.274989E+04  -0.659286E-04   0.145412E+04   0.145398E+04   0.605771E-05
